1 0.179087 0.346988 0.079327 0.106024
1 0.750000 0.314458 0.177885 0.214458
1 0.314904 0.322892 0.211538 0.260241
1 0.062500 0.381928 0.052885 0.069880
0 0.795673 0.525301 0.346154 0.607229
0 0.084135 0.453012 0.125000 0.202410
0 0.181490 0.378313 0.108173 0.149398
0 0.256010 0.521687 0.362981 0.619277
1 0.177885 0.020482 0.081731 0.040964
1 0.751202 0.063855 0.180288 0.127711
1 0.316106 0.071084 0.213942 0.142169
0 0.796875 0.918072 0.348558 0.159036
0 0.180288 0.015663 0.110577 0.031325
0 0.254808 0.916867 0.365385 0.161446
