1 0.566106 0.618072 0.050481 0.050602
1 0.955529 0.640964 0.055288 0.053012
1 0.132212 0.590361 0.043269 0.048193
1 0.355769 0.487952 0.038462 0.036145
1 0.241587 0.469880 0.031250 0.033735
1 0.069712 0.491566 0.028846 0.033735
1 0.371394 0.544578 0.026442 0.024096
1 0.521635 0.431325 0.024038 0.028916
1 0.490385 0.421687 0.028846 0.028916
1 0.758413 0.416867 0.040865 0.033735
1 0.100962 0.418072 0.028846 0.021687
1 0.134615 0.403614 0.028846 0.026506
1 0.189904 0.386747 0.019231 0.021687
1 0.260817 0.433735 0.021635 0.024096
