1 0.469952 0.290865 0.074519 0.091346
1 0.572115 0.277644 0.067308 0.084135
1 0.617788 0.346154 0.081731 0.096154
1 0.305288 0.248798 0.110577 0.112981
1 0.516827 0.235577 0.052885 0.076923
1 0.193510 0.260817 0.084135 0.117788
1 0.411058 0.251202 0.052885 0.074519
1 0.039663 0.209135 0.050481 0.067308
1 0.133413 0.260817 0.050481 0.084135
1 0.468750 0.044471 0.076923 0.088942
1 0.572115 0.056490 0.067308 0.084135
1 0.618990 0.018029 0.084135 0.036058
1 0.305288 0.085337 0.110577 0.112981
1 0.516827 0.096154 0.052885 0.076923
1 0.193510 0.073317 0.084135 0.117788
1 0.411058 0.082933 0.052885 0.074519
1 0.039663 0.122596 0.050481 0.067308
1 0.133413 0.073317 0.050481 0.084135
