1 0.516827 0.406250 0.052885 0.052885
1 0.712740 0.471154 0.060096 0.062500
1 0.911058 0.401442 0.072115 0.067308
1 0.372596 0.484375 0.052885 0.060096
1 0.668269 0.406250 0.052885 0.057692
1 0.550481 0.456731 0.067308 0.062500
1 0.271635 0.457933 0.043269 0.050481
1 0.259615 0.378606 0.043269 0.045673
1 0.031250 0.447115 0.043269 0.033654
1 0.048077 0.417067 0.033654 0.031250
1 0.103365 0.439904 0.043269 0.043269
1 0.133413 0.396635 0.040865 0.033654
0 0.378606 0.551683 0.112981 0.189904
0 0.537260 0.543269 0.141827 0.216346
0 0.687500 0.545673 0.134615 0.221154
0 0.038462 0.501202 0.072115 0.141827
0 0.129808 0.498798 0.096154 0.141827
0 0.284856 0.528846 0.103365 0.182692
1 0.206731 0.449519 0.033654 0.043269
0 0.215144 0.520433 0.084135 0.180288
0 0.275240 0.397837 0.093750 0.084135
1 0.195913 0.395433 0.040865 0.036058
0 0.195913 0.407452 0.069712 0.064904
0 0.140625 0.431490 0.050481 0.093750
0 0.063702 0.439904 0.055288 0.072115
0 0.816106 0.533654 0.122596 0.240385
0 0.502404 0.418269 0.105769 0.076923
1 0.518029 0.025240 0.055288 0.050481
1 0.912260 0.031250 0.074519 0.062500
1 0.669471 0.026442 0.055288 0.052885
1 0.259615 0.051683 0.043269 0.045673
1 0.049279 0.014423 0.036058 0.028846
1 0.104567 0.006010 0.045673 0.012019
1 0.133413 0.031250 0.040865 0.033654
0 0.377404 0.957933 0.115385 0.079327
0 0.536058 0.955529 0.144231 0.084135
0 0.688702 0.953125 0.137019 0.088942
0 0.283654 0.971154 0.105769 0.052885
0 0.213942 0.975962 0.086538 0.043269
0 0.274038 0.037260 0.096154 0.074519
1 0.195913 0.034856 0.040865 0.036058
0 0.194712 0.027644 0.072115 0.055288
0 0.139423 0.022837 0.052885 0.045673
0 0.062500 0.013221 0.057692 0.026442
0 0.814904 0.954327 0.125000 0.086538
0 0.503606 0.025240 0.108173 0.050481
