1 0.126202 0.342169 0.079327 0.101205
1 0.203125 0.381928 0.069712 0.098795
1 0.401442 0.319277 0.033654 0.036145
1 0.332933 0.315663 0.036058 0.043373
1 0.281250 0.315663 0.033654 0.043373
1 0.205529 0.322892 0.026442 0.033735
1 0.528846 0.326506 0.081731 0.113253
1 0.759615 0.308434 0.076923 0.110843
1 0.125000 0.021687 0.081731 0.043373
1 0.402644 0.016867 0.036058 0.033735
1 0.331731 0.020482 0.038462 0.040964
1 0.282452 0.020482 0.036058 0.040964
1 0.204327 0.014458 0.028846 0.028916
1 0.530048 0.032530 0.084135 0.065060
1 0.760817 0.040964 0.079327 0.081928
