1 0.562500 0.548077 0.048077 0.067308
1 0.133413 0.564904 0.040865 0.048077
1 0.054087 0.542067 0.036058 0.036058
1 0.082933 0.562500 0.036058 0.048077
1 0.227163 0.558894 0.031250 0.045673
1 0.276442 0.550481 0.033654 0.048077
1 0.316106 0.569712 0.045673 0.057692
1 0.397837 0.546875 0.045673 0.055288
1 0.520433 0.566106 0.036058 0.050481
1 0.493990 0.551683 0.031250 0.045673
1 0.638221 0.549279 0.036058 0.045673
1 0.677885 0.549279 0.033654 0.050481
1 0.719952 0.562500 0.040865 0.052885
1 0.800481 0.543269 0.048077 0.052885
1 0.899038 0.542067 0.033654 0.045673
1 0.968750 0.548077 0.048077 0.057692
