1 0.838942 0.299279 0.072115 0.093750
1 0.326923 0.293269 0.067308 0.096154
1 0.183894 0.286058 0.064904 0.086538
1 0.475962 0.299279 0.091346 0.117788
1 0.646635 0.318510 0.057692 0.074519
1 0.790865 0.318510 0.052885 0.069712
1 0.145433 0.316106 0.040865 0.060096
1 0.840144 0.038462 0.074519 0.076923
1 0.328125 0.042067 0.069712 0.084135
1 0.182692 0.043269 0.067308 0.086538
1 0.477163 0.044471 0.093750 0.088942
1 0.647837 0.024038 0.060096 0.048077
1 0.792067 0.022837 0.055288 0.045673
1 0.144231 0.021635 0.043269 0.043269
