1 0.945913 0.375000 0.069712 0.091346
1 0.048077 0.412260 0.057692 0.074519
1 0.752404 0.394231 0.057692 0.072115
1 0.848558 0.393029 0.057692 0.074519
1 0.653846 0.394231 0.052885 0.067308
1 0.497596 0.407452 0.052885 0.064904
1 0.274038 0.401442 0.057692 0.057692
1 0.194712 0.429087 0.052885 0.060096
1 0.582933 0.411058 0.055288 0.067308
1 0.140625 0.415865 0.045673 0.062500
1 0.421875 0.405048 0.045673 0.060096
1 0.347356 0.429087 0.045673 0.060096
1 0.944712 0.045673 0.072115 0.091346
1 0.049279 0.022837 0.060096 0.045673
1 0.753606 0.031250 0.060096 0.062500
1 0.849760 0.032452 0.060096 0.064904
1 0.655048 0.030048 0.055288 0.060096
1 0.498798 0.022837 0.055288 0.045673
1 0.275240 0.024038 0.060096 0.048077
1 0.195913 0.010817 0.055288 0.021635
1 0.581731 0.021635 0.057692 0.043269
1 0.139423 0.018029 0.048077 0.036058
1 0.420673 0.022837 0.048077 0.045673
1 0.346154 0.010817 0.048077 0.021635
