1 0.593750 0.234375 0.067308 0.098558
1 0.756010 0.260817 0.156250 0.180288
1 0.490385 0.258413 0.091346 0.108173
1 0.925481 0.260817 0.120192 0.165865
1 0.191106 0.280048 0.055288 0.074519
1 0.420673 0.328125 0.125000 0.151442
1 0.548077 0.268029 0.043269 0.064904
1 0.848558 0.247596 0.052885 0.091346
1 0.253606 0.292067 0.036058 0.055288
1 0.317308 0.290865 0.033654 0.048077
1 0.355769 0.283654 0.038462 0.052885
1 0.224760 0.272837 0.040865 0.050481
1 0.593750 0.099760 0.067308 0.098558
1 0.754808 0.081731 0.158654 0.163462
1 0.490385 0.075721 0.091346 0.108173
1 0.926683 0.078125 0.122596 0.156250
1 0.191106 0.054087 0.055288 0.074519
1 0.421875 0.040865 0.127404 0.081731
1 0.548077 0.066106 0.043269 0.064904
1 0.848558 0.084135 0.052885 0.091346
1 0.253606 0.042067 0.036058 0.055288
1 0.317308 0.040865 0.033654 0.048077
1 0.355769 0.048077 0.038462 0.052885
1 0.224760 0.061298 0.040865 0.050481
