1 0.390625 0.296386 0.064904 0.086747
1 0.289663 0.292771 0.079327 0.108434
1 0.794471 0.318072 0.074519 0.096386
1 0.610577 0.310843 0.081731 0.110843
1 0.545673 0.298795 0.052885 0.086747
1 0.891827 0.297590 0.115385 0.142169
1 0.063702 0.315663 0.117788 0.134940
1 0.745192 0.321687 0.062500 0.093976
1 0.389423 0.024096 0.067308 0.048193
1 0.288462 0.031325 0.081731 0.062651
1 0.793269 0.015663 0.076923 0.031325
1 0.611779 0.022892 0.084135 0.045783
1 0.546875 0.022892 0.055288 0.045783
1 0.893029 0.037349 0.117788 0.074699
1 0.062500 0.026506 0.120192 0.053012
1 0.746394 0.013253 0.064904 0.026506
