1 0.415865 0.264423 0.163462 0.163462
1 0.492788 0.438702 0.081731 0.093750
1 0.173077 0.430288 0.076923 0.110577
1 0.021635 0.373798 0.043269 0.088942
1 0.564904 0.444712 0.057692 0.062500
1 0.501202 0.350962 0.031250 0.038462
1 0.598558 0.420673 0.043269 0.038462
1 0.729567 0.409856 0.031250 0.036058
1 0.841346 0.362981 0.024038 0.033654
1 0.686298 0.391827 0.031250 0.033654
1 0.737981 0.370192 0.024038 0.033654
1 0.596154 0.352163 0.033654 0.036058
1 0.712740 0.354567 0.021635 0.036058
1 0.417067 0.075721 0.165865 0.151442
