1 0.651442 0.316106 0.139423 0.189904
1 0.397837 0.310096 0.074519 0.086538
1 0.337740 0.318510 0.045673 0.055288
1 0.231971 0.338942 0.036058 0.038462
1 0.194712 0.318510 0.028846 0.031250
1 0.180288 0.342548 0.033654 0.031250
1 0.141827 0.331731 0.028846 0.024038
1 0.126202 0.343750 0.026442 0.028846
1 0.977163 0.295673 0.021635 0.028846
1 0.936298 0.307692 0.031250 0.033654
1 0.652644 0.061298 0.141827 0.122596
1 0.396635 0.038462 0.076923 0.076923
1 0.336538 0.026442 0.048077 0.052885
1 0.230769 0.012019 0.038462 0.024038
1 0.194712 0.025240 0.028846 0.031250
1 0.181490 0.008413 0.036058 0.016827
1 0.143029 0.012019 0.031250 0.024038
1 0.125000 0.007212 0.028846 0.014423
1 0.977163 0.045673 0.021635 0.028846
1 0.936298 0.033654 0.031250 0.033654
