1 0.743990 0.450721 0.132212 0.137019
1 0.367788 0.502404 0.125000 0.158654
1 0.269231 0.098558 0.048077 0.067308
1 0.427885 0.133413 0.067308 0.055288
1 0.432692 0.092548 0.052885 0.031250
0 0.250000 0.203125 0.192308 0.271635
0 0.338942 0.686298 0.379808 0.521635
0 0.700721 0.608173 0.290865 0.451923
0 0.453125 0.217548 0.151442 0.204327
1 0.959135 0.449519 0.076923 0.139423
1 0.008413 0.099760 0.016827 0.069712
0 0.054087 0.201923 0.108173 0.274038
0 0.056490 0.685096 0.112981 0.524038
0 0.941106 0.609375 0.112981 0.454327
