1 0.412260 0.259615 0.064904 0.110577
1 0.707933 0.286058 0.122596 0.168269
1 0.475962 0.290865 0.067308 0.086538
1 0.884615 0.308894 0.096154 0.127404
1 0.218750 0.314904 0.125000 0.158654
1 0.104567 0.276442 0.084135 0.115385
1 0.342548 0.288462 0.088942 0.115385
1 0.591346 0.312500 0.048077 0.072115
1 0.516827 0.305288 0.024038 0.081731
1 0.281250 0.300481 0.052885 0.091346
1 0.025240 0.308894 0.040865 0.112981
1 0.546875 0.328125 0.031250 0.060096
1 0.825721 0.317308 0.045673 0.057692
1 0.411058 0.048077 0.067308 0.096154
1 0.706731 0.049279 0.125000 0.098558
1 0.477163 0.026442 0.069712 0.052885
1 0.885817 0.027644 0.098558 0.055288
1 0.219952 0.032452 0.127404 0.064904
1 0.103365 0.040865 0.086538 0.081731
1 0.341346 0.034856 0.091346 0.069712
1 0.592548 0.012019 0.050481 0.024038
1 0.518029 0.018029 0.026442 0.036058
1 0.282452 0.022837 0.055288 0.045673
1 0.024038 0.024038 0.043269 0.048077
1 0.824519 0.006010 0.048077 0.012019
