1 0.474760 0.336145 0.069712 0.093976
1 0.653846 0.343373 0.081731 0.089157
1 0.143029 0.322892 0.079327 0.101205
1 0.870192 0.307229 0.120192 0.127711
1 0.578125 0.350602 0.060096 0.069880
1 0.230769 0.327711 0.081731 0.130120
1 0.286058 0.326506 0.057692 0.084337
1 0.473558 0.022892 0.072115 0.045783
1 0.655048 0.018072 0.084135 0.036145
1 0.141827 0.031325 0.081731 0.062651
1 0.871394 0.045783 0.122596 0.091566
1 0.576923 0.009639 0.062500 0.019277
1 0.231971 0.036145 0.084135 0.072289
1 0.287260 0.025301 0.060096 0.050602
