1 0.841346 0.303614 0.062500 0.077108
1 0.552885 0.285542 0.096154 0.142169
1 0.102163 0.330120 0.079327 0.096386
1 0.295673 0.286747 0.086538 0.101205
0 0.122596 0.463855 0.168269 0.359036
0 0.288462 0.474699 0.197115 0.467470
0 0.614183 0.506024 0.305288 0.559036
0 0.849760 0.471084 0.151442 0.416867
1 0.842548 0.034940 0.064904 0.069880
1 0.554087 0.060241 0.098558 0.120482
1 0.100962 0.026506 0.081731 0.053012
1 0.296875 0.049398 0.088942 0.098795
0 0.289663 0.046988 0.199519 0.093976
0 0.612981 0.939759 0.307692 0.115663
