1 0.284856 0.414663 0.060096 0.074519
1 0.276442 0.334135 0.048077 0.057692
1 0.387019 0.329327 0.052885 0.062500
1 0.399038 0.424279 0.057692 0.069712
1 0.520433 0.419471 0.060096 0.079327
1 0.653846 0.407452 0.062500 0.084135
1 0.764423 0.413462 0.057692 0.086538
1 0.510817 0.312500 0.045673 0.067308
1 0.618990 0.324519 0.050481 0.062500
1 0.727163 0.340144 0.055288 0.064904
1 0.831731 0.342548 0.052885 0.069712
1 0.897837 0.389423 0.074519 0.076923
1 0.277644 0.012019 0.050481 0.024038
1 0.388221 0.015625 0.055288 0.031250
1 0.509615 0.025240 0.048077 0.050481
1 0.617788 0.018029 0.052885 0.036058
1 0.725962 0.010817 0.057692 0.021635
1 0.832933 0.010817 0.055288 0.021635
