1 0.707933 0.542067 0.084135 0.098558
1 0.816106 0.277644 0.069712 0.084135
1 0.832933 0.497596 0.103365 0.110577
1 0.679087 0.302885 0.055288 0.067308
1 0.463942 0.468750 0.052885 0.052885
1 0.632212 0.280048 0.052885 0.064904
1 0.412260 0.324519 0.050481 0.052885
1 0.483173 0.307692 0.043269 0.057692
1 0.590144 0.328125 0.045673 0.055288
1 0.682692 0.497596 0.057692 0.057692
1 0.465144 0.441106 0.060096 0.050481
1 0.816106 0.056490 0.069712 0.084135
1 0.677885 0.032452 0.057692 0.064904
1 0.632212 0.054087 0.052885 0.064904
1 0.411058 0.018029 0.052885 0.036058
1 0.484375 0.027644 0.045673 0.055288
1 0.588942 0.016827 0.048077 0.033654
