1 0.042067 0.408434 0.045673 0.074699
1 0.181490 0.468675 0.060096 0.074699
1 0.859375 0.460241 0.060096 0.053012
1 0.179087 0.209639 0.040865 0.053012
1 0.215144 0.365060 0.045673 0.060241
1 0.832933 0.318072 0.045673 0.053012
1 0.963942 0.302410 0.062500 0.055422
1 0.228365 0.204819 0.038462 0.048193
1 0.391827 0.245783 0.048077 0.053012
1 0.179087 0.122892 0.040865 0.053012
1 0.831731 0.021687 0.048077 0.043373
1 0.963942 0.032530 0.062500 0.055422
1 0.228365 0.127711 0.038462 0.048193
1 0.391827 0.086747 0.048077 0.053012
