1 0.521635 0.315663 0.081731 0.115663
1 0.133413 0.321687 0.084135 0.113253
1 0.763221 0.326506 0.103365 0.137349
1 0.239183 0.316867 0.098558 0.137349
1 0.432692 0.351807 0.052885 0.062651
1 0.581731 0.345783 0.052885 0.079518
1 0.021635 0.407229 0.024038 0.038554
1 0.945913 0.437349 0.036058 0.050602
1 0.522837 0.057831 0.084135 0.115663
1 0.132212 0.054217 0.086538 0.108434
1 0.762019 0.057831 0.105769 0.115663
1 0.237981 0.062651 0.100962 0.125301
1 0.433894 0.026506 0.055288 0.053012
1 0.582933 0.033735 0.055288 0.067470
