1 0.127404 0.265060 0.100962 0.130120
1 0.750000 0.289157 0.081731 0.101205
1 0.628606 0.357831 0.055288 0.074699
1 0.826923 0.365060 0.052885 0.074699
1 0.347356 0.316867 0.069712 0.074699
1 0.545673 0.349398 0.062500 0.072289
1 0.295673 0.348193 0.057692 0.079518
1 0.438702 0.369880 0.055288 0.074699
1 0.498798 0.389157 0.050481 0.060241
1 0.127404 0.067470 0.100962 0.130120
1 0.751202 0.048193 0.084135 0.096386
1 0.627404 0.007229 0.057692 0.014458
1 0.346154 0.027711 0.072115 0.055422
1 0.546875 0.010843 0.064904 0.021687
1 0.296875 0.013253 0.060096 0.026506
