1 0.218750 0.378606 0.076923 0.069712
1 0.074519 0.368990 0.096154 0.093750
1 0.236779 0.304087 0.055288 0.060096
1 0.609375 0.287260 0.045673 0.050481
1 0.033654 0.287260 0.062500 0.098558
1 0.169471 0.239183 0.045673 0.036058
1 0.391827 0.241587 0.043269 0.040865
1 0.218750 0.061298 0.076923 0.069712
1 0.074519 0.070913 0.096154 0.093750
1 0.236779 0.135817 0.055288 0.060096
1 0.609375 0.152644 0.045673 0.050481
1 0.033654 0.152644 0.062500 0.098558
1 0.169471 0.200721 0.045673 0.036058
1 0.391827 0.198317 0.043269 0.040865
