1 0.519231 0.349398 0.076923 0.106024
1 0.086538 0.327711 0.129808 0.163855
1 0.413462 0.356627 0.091346 0.110843
1 0.203125 0.342169 0.079327 0.115663
1 0.340144 0.356627 0.060096 0.081928
1 0.263221 0.355422 0.045673 0.079518
1 0.573317 0.363855 0.040865 0.057831
1 0.667067 0.339759 0.050481 0.062651
1 0.622596 0.361446 0.033654 0.057831
1 0.302885 0.367470 0.033654 0.069880
1 0.520433 0.019277 0.079327 0.038554
1 0.087740 0.044578 0.132212 0.089157
1 0.414663 0.016867 0.093750 0.033735
1 0.201923 0.025301 0.081731 0.050602
1 0.338942 0.009639 0.062500 0.019277
1 0.262019 0.009639 0.048077 0.019277
1 0.665865 0.013253 0.052885 0.026506
