1 0.032452 0.337740 0.060096 0.141827
1 0.056490 0.275240 0.093750 0.127404
1 0.143029 0.317308 0.088942 0.091346
1 0.319712 0.325721 0.062500 0.064904
1 0.313702 0.289663 0.050481 0.045673
1 0.401442 0.286058 0.052885 0.062500
1 0.582933 0.322115 0.045673 0.057692
1 0.731971 0.268029 0.064904 0.084135
1 0.703125 0.278846 0.036058 0.072115
1 0.891827 0.290865 0.081731 0.091346
1 0.031250 0.036058 0.062500 0.072115
1 0.055288 0.063702 0.096154 0.127404
1 0.141827 0.033654 0.091346 0.067308
1 0.320913 0.022837 0.064904 0.045673
1 0.313702 0.049279 0.050481 0.045673
1 0.401442 0.050481 0.052885 0.062500
1 0.581731 0.022837 0.048077 0.045673
1 0.731971 0.070913 0.064904 0.084135
1 0.703125 0.057692 0.036058 0.072115
1 0.891827 0.045673 0.081731 0.091346
