1 0.242788 0.449519 0.067308 0.076923
1 0.712740 0.431490 0.060096 0.079327
1 0.579327 0.463942 0.057692 0.086538
1 0.080529 0.417067 0.103365 0.108173
1 0.150240 0.376202 0.137019 0.141827
1 0.042067 0.431490 0.069712 0.084135
1 0.850962 0.436298 0.096154 0.103365
1 0.453125 0.437500 0.060096 0.076923
1 0.296875 0.449519 0.050481 0.062500
1 0.711538 0.014423 0.062500 0.028846
1 0.079327 0.028846 0.105769 0.057692
1 0.149038 0.057692 0.139423 0.115385
1 0.040865 0.015625 0.072115 0.031250
1 0.852163 0.018029 0.098558 0.036058
1 0.451923 0.010817 0.062500 0.021635
