1 0.310096 0.228365 0.086538 0.100962
1 0.905048 0.302885 0.064904 0.072115
1 0.027644 0.230769 0.050481 0.110577
1 0.533654 0.288462 0.052885 0.067308
1 0.600962 0.281250 0.067308 0.072115
1 0.495192 0.225962 0.033654 0.043269
1 0.715144 0.218750 0.036058 0.052885
1 0.825721 0.245192 0.050481 0.052885
1 0.796875 0.221154 0.036058 0.048077
1 0.558894 0.234375 0.026442 0.045673
1 0.848558 0.233173 0.033654 0.048077
1 0.311298 0.037260 0.088942 0.074519
1 0.026442 0.038462 0.052885 0.076923
1 0.495192 0.024038 0.033654 0.043269
1 0.715144 0.031250 0.036058 0.052885
1 0.824519 0.016827 0.052885 0.033654
1 0.796875 0.028846 0.036058 0.048077
1 0.557692 0.020433 0.028846 0.040865
1 0.849760 0.021635 0.036058 0.043269
