1 0.310096 0.544578 0.072115 0.072289
1 0.901442 0.453012 0.062500 0.077108
1 0.217548 0.384337 0.050481 0.040964
1 0.735577 0.354217 0.043269 0.048193
1 0.679087 0.316867 0.031250 0.040964
1 0.084135 0.300000 0.028846 0.036145
1 0.653846 0.338554 0.028846 0.036145
1 0.573317 0.306024 0.026442 0.033735
1 0.528846 0.302410 0.033654 0.040964
1 0.736779 0.004819 0.045673 0.009639
1 0.679087 0.022892 0.031250 0.040964
1 0.084135 0.039759 0.028846 0.036145
1 0.655048 0.009639 0.031250 0.019277
1 0.573317 0.031325 0.026442 0.033735
1 0.528846 0.037349 0.033654 0.040964
