1 0.564904 0.449398 0.081731 0.113253
1 0.408654 0.355422 0.048077 0.060241
1 0.305288 0.427711 0.033654 0.040964
1 0.275240 0.407229 0.026442 0.033735
1 0.171875 0.322892 0.026442 0.033735
1 0.044471 0.344578 0.021635 0.033735
1 0.259615 0.324096 0.019231 0.031325
1 0.375000 0.327711 0.038462 0.048193
1 0.695913 0.320482 0.016827 0.028916
1 0.812500 0.303614 0.024038 0.038554
1 0.170673 0.004819 0.028846 0.009639
1 0.260817 0.003614 0.021635 0.007229
1 0.376202 0.006024 0.040865 0.012048
1 0.694712 0.004819 0.019231 0.009639
1 0.813702 0.015663 0.026442 0.031325
