1 0.201923 0.371084 0.067308 0.091566
1 0.420673 0.338554 0.072115 0.089157
1 0.871394 0.373494 0.117788 0.106024
1 0.743990 0.380723 0.069712 0.086747
1 0.106971 0.372289 0.112981 0.132530
1 0.969952 0.356627 0.055288 0.106024
1 0.533654 0.369880 0.052885 0.079518
1 0.820913 0.375904 0.069712 0.081928
1 0.585337 0.383133 0.036058 0.057831
1 0.658654 0.380723 0.048077 0.067470
1 0.625000 0.397590 0.033654 0.057831
1 0.421875 0.020482 0.074519 0.040964
1 0.105769 0.014458 0.115385 0.028916
1 0.968750 0.015663 0.057692 0.031325
