1 0.203125 0.393029 0.069712 0.064904
1 0.896635 0.366587 0.057692 0.069712
1 0.643029 0.372596 0.069712 0.076923
1 0.288462 0.390625 0.062500 0.069712
1 0.438702 0.403846 0.069712 0.062500
1 0.401442 0.556490 0.048077 0.079327
1 0.841346 0.420673 0.052885 0.057692
1 0.143029 0.407452 0.055288 0.060096
1 0.090144 0.401442 0.045673 0.052885
1 0.360577 0.447115 0.081731 0.105769
1 0.516827 0.451923 0.048077 0.052885
1 0.509615 0.408654 0.038462 0.048077
1 0.201923 0.015625 0.072115 0.031250
1 0.897837 0.030048 0.060096 0.060096
1 0.641827 0.028846 0.072115 0.057692
1 0.289663 0.018029 0.064904 0.036058
1 0.437500 0.009615 0.072115 0.019231
1 0.141827 0.007212 0.057692 0.014423
1 0.088942 0.008413 0.048077 0.016827
