1 0.598558 0.375000 0.110577 0.129808
1 0.852163 0.424279 0.069712 0.084135
1 0.155048 0.424279 0.079327 0.098558
1 0.097356 0.418269 0.050481 0.067308
1 0.774038 0.402644 0.052885 0.069712
1 0.397837 0.449519 0.098558 0.158654
1 0.956731 0.393029 0.052885 0.108173
1 0.453125 0.399038 0.031250 0.048077
1 0.721154 0.424279 0.043269 0.045673
1 0.694712 0.407452 0.024038 0.031250
1 0.599760 0.062500 0.112981 0.125000
1 0.850962 0.026442 0.072115 0.052885
1 0.153846 0.030048 0.081731 0.060096
1 0.096154 0.025240 0.052885 0.050481
1 0.775240 0.033654 0.055288 0.067308
1 0.396635 0.032452 0.100962 0.064904
1 0.957933 0.048077 0.055288 0.096154
1 0.453125 0.033654 0.031250 0.048077
1 0.722356 0.016827 0.045673 0.033654
1 0.694712 0.027644 0.024038 0.031250
