1 0.524038 0.703125 0.038462 0.036058
1 0.579327 0.687500 0.033654 0.038462
1 0.643029 0.697115 0.040865 0.048077
0 0.685096 0.781250 0.134615 0.091346
0 0.509615 0.752404 0.067308 0.149038
0 0.576923 0.747596 0.076923 0.158654
0 0.649038 0.743990 0.072115 0.132212
1 0.524038 0.957933 0.038462 0.036058
1 0.579327 0.971154 0.033654 0.038462
1 0.643029 0.961538 0.040865 0.048077
0 0.685096 0.877404 0.134615 0.091346
0 0.509615 0.906250 0.067308 0.149038
0 0.576923 0.911058 0.076923 0.158654
0 0.649038 0.917067 0.072115 0.132212
