1 0.566106 0.379518 0.060096 0.079518
1 0.412260 0.406024 0.050481 0.069880
1 0.293269 0.406024 0.048077 0.069880
1 0.808894 0.401205 0.050481 0.074699
1 0.468750 0.397590 0.052885 0.067470
1 0.695913 0.415663 0.055288 0.079518
1 0.883413 0.401205 0.098558 0.127711
1 0.126202 0.422892 0.050481 0.069880
1 0.064904 0.402410 0.052885 0.062651
1 0.218750 0.400000 0.048077 0.057831
1 0.653846 0.418072 0.038462 0.060241
1 0.757212 0.414458 0.033654 0.048193
1 0.326923 0.419277 0.033654 0.053012
1 0.609375 0.407229 0.036058 0.053012
1 0.377404 0.410843 0.033654 0.050602
1 0.566106 0.042169 0.060096 0.079518
1 0.411058 0.025301 0.052885 0.050602
1 0.294471 0.025301 0.050481 0.050602
1 0.807692 0.028916 0.052885 0.057831
1 0.469952 0.028916 0.055288 0.057831
1 0.694712 0.022892 0.057692 0.045783
1 0.882212 0.042169 0.100962 0.084337
1 0.125000 0.016867 0.052885 0.033735
1 0.066106 0.025301 0.055288 0.050602
1 0.219952 0.025301 0.050481 0.050602
1 0.655048 0.016867 0.040865 0.033735
1 0.758413 0.015663 0.036058 0.031325
1 0.328125 0.014458 0.036058 0.028916
1 0.608173 0.020482 0.038462 0.040964
1 0.378606 0.018072 0.036058 0.036145
