1 0.133413 0.354217 0.069712 0.067470
1 0.381010 0.408434 0.045673 0.055422
1 0.335337 0.413253 0.036058 0.045783
1 0.629808 0.409639 0.043269 0.053012
1 0.580529 0.406024 0.040865 0.050602
1 0.692308 0.409639 0.038462 0.048193
1 0.748798 0.406024 0.040865 0.055422
1 0.828125 0.413253 0.036058 0.055422
1 0.866587 0.392771 0.045673 0.057831
1 0.236779 0.415663 0.045673 0.050602
1 0.042067 0.422892 0.045673 0.065060
1 0.141827 0.404819 0.033654 0.053012
1 0.158654 0.415663 0.033654 0.060241
1 0.132212 0.007229 0.072115 0.014458
