1 0.336538 0.468750 0.072115 0.086538
1 0.923077 0.454327 0.072115 0.081731
1 0.409856 0.423077 0.132212 0.144231
1 0.561298 0.437500 0.079327 0.105769
1 0.675481 0.451923 0.115385 0.120192
1 0.877404 0.454327 0.057692 0.067308
1 0.207933 0.469952 0.040865 0.045673
1 0.174279 0.456731 0.036058 0.048077
1 0.283654 0.479567 0.048077 0.055288
1 0.924279 0.013221 0.074519 0.026442
1 0.408654 0.044471 0.134615 0.088942
1 0.560096 0.027644 0.081731 0.055288
1 0.676683 0.024038 0.117788 0.048077
1 0.878606 0.009615 0.060096 0.019231
